35623
35160
35516
35649
35529
35390
35404
35599
35590
35765
35558
35483
35930
35452
35810
35339
35248
35507
35671
35561
35948
35544
35359
35815
35476
35579
35621
35793
35376
35659
35479
35753
35851
35662
35770
35736
35829
35448
35927
35406
35814
35511
35791
35442
35573
35771
35518
35155
35701
35711
35129
35445
35558
35433
35533
35559
35417
35684
35547
35606
35795
35364
35556
35578
35591
35635
35589
35206
35570
35959
35567
35291
35667
35500
35544
35550
35516
35667
35690
35462
35681
35824
35637
35793
35762
35579
35496
35748
35432
35492
35809
36073
35593
35570
35492
35405
35619
35825
35403
35571
35726
35045
35373
35396
35479
35494
35945
35938
35655
35301
35662
35370
35567
35357
35353
35636
35664
35643
35571
35585
35333
35748
35666
35529
35524
35445
35530
35614
35942
35782
35600
35444
36020
35870
35615
35563
35817
35458
35731
35676
34943
35466
35489
35842
35728
35680
35535
35456
35728
35959
35377
35807
35968
35666
35495
35537
35406
35269
35459
35553
35551
35170
35449
35575
35602
35521
35685
35529
35302
35538
35633
35297
35706
35839
35707
35818
35620
36023
35639
35543
35619
35534
35549
35760
35646
35356
35465
35496
35558
35610
35694
35637
35354
35396
35504
35662
35608
35528
35548
35515
35570
35490
35651
35834
36127
36225
35408
35469
35605
35718
35634
35818
35944
35338
35600
35532
35431
35529
36024
35483
35555
35402
35766
35752
35708
35522
35622
36105
35513
35808
35688
35738
35488
35422
35595
35695
35746
35824
35549
35607
35610
35450
34968
35647
35548
35813
35379
35617
35825
35668
35590
35540
35580
35542
35345
35496
35849
35665
35331
35422
35666
35753
35853
35601
35780
35888
35593
35704
35833
35753
35500
35874
35949
35869
35875
35698
35831
35616
35441
35898
35540
35439
35590
35505
35718
35199
35351
35595
35358
35291
35730
35598
35668
35974
35738
35766
35745
35615
35938
35647
35528
35660
35605
35717
35836
35780
35598
35505
35555
35435
35894
35673
35910
35919
35777
35582
35665
35865
35416
35476
36000
35747
35727
35677
35676
35868
35713
35951
35380
35688
35502
35113
35716
35690
35482
35664
35633
35490
35830
35735
35624
35795
35753
35528
35615
35662
35600
35731
35457
35459
35861
35587
35507
35582
35647
35461
35692
35883
35288
35424
35632
36022
35490
35531
35917
35606
35492
35418
35436
35426
35668
35198
35511
35414
35469
35628
35664
35614
35619
35247
35609
35602
35465
35546
35548
35583
35896
35603
35694
35464
35447
35763
35395
35153
35669
35416
35852
35679
35535
35581
35396
35528
35457
35539
35803
35561
35480
35339
35483
35867
35783
35634
35740
35464
35806
35935
35801
35974
35741
35123
35452
35698
35525
35826
35549
35518
35368
35253
35819
35463
35810
35809
35498
35663
35406
35736
35718
35505
35484
35428
35654
35670
35741
35498
35910
35460
35789
35898
35617
35696
35538
35921
35987
35776
35478
35470
35696
35720
35785
35597
35634
35930
35671
35521
35444
35522
35327
36083
35422
35418
35752
35401
35576
35627
35986
35888
35667
35572
35523
35684
35329
35904
35781
35658
35788
35571
35466
35768
35697
35634
35535
35545
35562
35390
35837
35667
35669
35844
35550
35536
35685
35605
35187
35376
35579
35675
35548
35562
35829
35559
35407
35895
35952
35580
35454
36103
35394
35584
35766
36092
35908
35777
35549
35557
35756
35594
35451
35495
35531
35629
35944
35612
35867
36026
35518
35446
35805
35425
35660
35619
35393
35033
35417
35428
35738
35952
35561
35683
35218
35482
35487
35795
35412
35485
35527
35681
35871
35568
35707
35947
35526
35676
35842
35691
35512
35316
35377
35376
35497
35687
35725
35641
35569
35606
35667
35613
35439
35621
35914
35427
35395
35911
35538
35674
35741
35576
35992
35543
35836
35894
35605
35139
35458
35319
36050
35557
35279
35788
35323
35634
36013
35776
35415
35672
35817
35401
35093
35585
35747
35622
35577
35701
35489
35414
35669
35428
35731
35866
35578
35391
35527
35556
35437
35317
35829
35426
35280
35064
35418
35882
35290
35734
35887
35732
35520
35495
35627
35703
35656
35913
35475
35741
35824
35607
35846
35609
35752
35431
35606
35635
35889
35560
35659
35755
35710
35726
35751
35612
35310
35798
36128
35650
35775
35602
35433
35644
35187
35773
35664
35675
35687
35585
35383
35658
35752
35884
35751
35812
35630
35499
35580
35753
35956
35349
35383
35539
35080
36031
35805
35607
35454
35701
35437
35586
35946
35433
35755
35585
36055
35761
35570
35800
35614
35720
35480
35388
35680
35771
35567
35445
35664
35584
35758
35905
35677
35335
35467
35059
35390
35369
35307
35652
35474
35796
35668
35829
35456
35786
35310
35666
35686
35579
35741
35735
35698
35561
35619
35792
35878
35487
35827
35937
35609
35649
35596
35655
35664
35765
35940
35678
35439
35413
35768
35742
35588
35876
35839
35640
35656
35617
35535
35598
35333
35964
35684
35783
35816
35785
35760
35589
35551
35681
35864
35791
36041
35684
35634
35546
35198
35416
35861
35922
36079
35765
35599
35680
35683
35776
35626
35485
35311
35802
35448
35717
35788
35814
35849
35403
35482
35387
35839
35748
35798
35913
35310
35718
35659
35726
35825
35460
35635
35978
35767
35731
35476
36033
35909
35448
36041
35674
35496
35666
35684
35616
35365
35594
35681
35245
35596
35442
35804
35396
35923
35511
35779
35637
35580
35316
35700
35495
35632
35266
35992
35558
35698
35551
35661
35605
35637
35531
35310
35452
36063
35754
35711
35701
35636
35347
35647
35527
35686
35628
35937
35769
35461
35793
35442
35758
35747
35653
35445
35924
35319
35416
35602
35544
35650
35571
35341
35808
35484
35514
35802
35659
35717
35917
35654
35405
35967
35595
35863
35449
35718
35591
35389
35703
35655
35731
35779
35839
35814
35848
35726
35863
35712
35483
35687
35609
35827
35677
35671
35790
35532
36115
35393
35749
35692
35415
35735
35865
35542
36007
35720
35557
35817
35741
35726
35726
35569
35987
35589
35502
35835
35778
35768
35751
35812
35410
35474
35472
35767
35617
35572
35734
35697
35533
35417
35738
35564
35886
35474
35739
35835
35449
35449
35431
35701
36033
35944
35868
35864
35741
35676
35734
35408
35814
35533
35366
35629
35783
35793
35872
35759
35916
35676
35355
35463
35468
35606
35747
35745
35816
35366
35824
35803
35460
35758
35012
35824
35497
35603
35547
35613
36010
35660
35477
35350
35359
35645
35839
35817
35722
35588
35628
35398
35473
35702
35892
35621
35562
35658
35772
35840
35699
35698
35664
35959
35916
35673
35908
35376
35761
35481
35782
35958
35642
35526
35416
35635
35674
36007
35796
35713
35587
35404
35688
35606
36182
35606
35751
35629
35642
35624
35582
35511
35756
35818
35827
35776
35722
35328
35710
35756
35771
35800
35302
35681
35140
35732
35797
35607
35887
35841
35876
35543
35713
35904
35671
35699
35562
35479
35582
35286
35470
35691
35362
35778
35833
35418
36128
35626
35552
35688
35514
35765
35571
35584
35737
35591
35476
35717
35263
35491
35770
35761
35746
35805
35238
35322
35641
35341
35298
35694
35678
35289
35554
35725
35850
35789
35304
35511
35636
35625
35482
35504
35528
35576
35765
35725
35690
35681
35963
35639
35620
35602
35556
35750
35698
35620
35653
35700
35665
35610
35674
35804
35692
35722
35695
35553
35826
35566
35680
35288
35721
35515
35634
35714
35855
35499
35749
35809
35475
35357
35604
35305
35676
35607
35591
35778
35880
35645
35468
35619
35466
35743
35430
35808
35105
35621
35605
35617
35964
35827
35720
36170
35751
35642
35512
35881
35721
35262
35695
35588
36015
35473
35668
35669
35670
35882
35489
35647
35563
35610
35342
35662
35360
35562
35485
35907
35581
35895
35242
35911
35505
35467
35435
35928
35612
35523
35675
35582
35774
35648
35737
35355
35882
35624
35353
35589
35674
35777
35628
35677
35986
35564
35468
35782
35540
35765
35768
35995
35608
35546
35940
35627
35806
36017
35740
35755
35809
35573
35626
35856
35693
35831
35488
35858
36055
35300
35218
35448
36074
35595
35641
35845
35250
35728
35834
35716
35441
35058
35271
35607
35717
35664
35654
35734
35684
35601
35684
35683
35705
35708
35564
35542
35777
35695
35605
35666
35465
35456
35557
35865
35752
35858
35687
36179
35623
35963
35849
35856
35684
35919
35651
35230
35686
35453
35672
35708
35612
35451
35775
35930
35418
35693
35565
35466
35316
35500
35553
35618
35344
35682
35657
35460
35581
35292
35845
35534
35752
35893
35690
35625
35680
35602
35872
35808
35783
35683
35469
35762
35906
35709
35872
36182
35915
35906
35811
35549
35606
35510
35282
35711
35588
35526
35789
35614
35556
35722
35755
35647
35700
35748
35915
35604
35398
35648
35856
35661
35662
36127
35720
35662
36064
35511
35540
35579
35541
35855
36049
36098
35441
35558
35799
35791
35637
35787
35425
35368
35599
35711
35328
35722
35718
35578
35867
35456
35656
35695
35468
35558
35730
35706
35446
35330
35366
35478
35433
35365
35688
35479
35725
35726
35445
35629
35738
35587
35743
35849
35761
35605
35685
35927
35867
35982
35151
35528
35648
35524
35307
35749
35674
35663
35693
35725
35956
35708
35697
35990
35610
35108
36128
35417
35563
35654
35615
35883
35325
35154
35777
35856
35667
35617
35537
35744
35728
35397
35422
35371
35400
35610
35486
35609
35368
35462
35190
35545
35778
35626
35317
35200
35513
35354
35490
35532
35769
35287
35608
35433
35458
35453
35557
35149
35462
35410
35469
35399
35335
35255
35798
34846
35426
35840
35581
35582
35171
35282
35612
35309
35590
35728
35740
35561
35447
35256
35466
35744
35513
35853
35446
35583
35223
35561
35745
36026
35802
35760
35539
35694
35867
35540
35557
35693
35798
35232
35406
35216
35673
35570
35582
35365
35472
36032
35832
35365
35839
35941
35476
35763
35295
35867
35690
35473
35334
35921
35658
35472
35194
35396
35476
35787
35191
35085
35734
35444
35391
35155
35354
35334
35489
35315
35865
35209
35528
35368
35273
35454
35507
34896
35466
35501
35398
35297
35156
35317
34977
35123
35089
35260
35230
35180
35149
35164
35186
35162
35327
35476
35212
35183
35409
35127
35156
35121
35272
35473
35677
35217
35323
35116
35411
35190
35083
35289
35100
35441
35317
35222
35422
35522
35247
35249
35349
35683
35412
35119
35272
35180
35242
35156
35172
35397
35362
35602
35337
35467
35385
35349
35377
35486
34817
35165
35129
35087
35241
35084
34964
34962
35104
34988
34823
35127
35451
35510
35256
35162
35601
35158
35298
35829
34885
35132
35161
35043
35087
34907
34957
34789
34792
35177
35262
34893
34989
34794
34721
35069
34687
34921
34398
34715
34613
34712
34614
34729
34376
34746
34456
34413
34551
34373
34374
34566
34528
34356
34213
33875
34401
33994
34307
34062
34202
34156
34288
33890
34052
33772
33669
33836
33885
33724
33657
33795
33497
33504
33770
33567
33521
33275
33243
33347
33154
33019
33020
33117
33196
32749
32607
32810
32516
32089
32771
32205
32445
32138
32275
31942
32177
31911
31535
31698
31484
31191
31073
31282
31029
31276
31304
30712
30973
30654
30738
30833
30420
30187
30050
30100
29517
29801
29753
29569
29323
29643
29717
29374
29635
29621
29576
29255
29304
29237
29214
29269
29160
29042
29000
28634
29315
29297
28939
28942
28944
28827
29062
28804
29061
28603
28540
28695
28372
28707
28653
28489
28715
28471
28645
28104
28064
27977
28445
28284
27954
27919
28194
28151
27873
27801
28276
27904
27758
27761
27352
27904
27785
27272
27884
27440
27377
26740
27157
27053
27316
27273
27478
27159
26963
27395
27411
27166
27126
26978
26866
27009
27236
26789
26486
26409
26734
26592
26594
26887
26963
27220
26579
26394
26389
26216
26766
26878
26836
26566
26511
26650
26199
26423
26446
26741
26632
26307
26448
26643
26263
26355
26367
26313
26368
26230
26067
26275
26304
26444
26444
26350
26337
26419
26160
25889
26104
26059
26376
26488
26327
26014
26179
25978
25819
26081
25988
25963
25813
26045
25693
26019
26187
26424
26238
26282
26420
26194
25844
25911
26331
26419
26380
26002
26465
26486
26461
26658
26203
26121
26581
26514
26280
26505
26749
26150
26388
26299
26118
26585
26296
26306
26357
26708
26960
26960
26149
26692
26519
26852
26964
26667
26723
26653
26899
27024
27068
26984
26872
26718
27137
26845
27022
27457
27351
27126
27273
27240
27169
27392
27513
27558
27564
27664
27781
27547
27792
27910
27866
27912
28087
27807
28186
27970
28239
27930
28589
28518
28161
29015
28682
28788
28866
29067
29181
28642
28612
28634
28989
29086
29167
28983
29301
29462
29366
29671
29289
29625
29943
30026
29982
29930
29875
30019
30191
29942
29944
29970
29897
30655
30500
30732
30429
30769
30375
30780
30496
30560
30589
30533
30725
30538
30624
31190
31021
31342
31395
31364
31751
31146
31194
31841
31649
31621
31439
31667
31898
31856
31382
31960
31811
32671
32565
32633
32370
32542
32474
32279
32256
32455
32574
32953
33024
32793
33073
32993
33078
33149
33084
32987
33103
33333
33465
33732
33579
33746
33855
33596
34075
33772
33858
34270
34505
34270
34233
34356
34444
34282
34654
34525
34740
34812
34964
34930
34934
35412
35388
35015
35046
35704
35685
35829
35812
35661
36135
35873
35912
36112
36091
36263
36140
36229
36577
36399
36504
36851
37033
36928
37474
36870
37153
37815
37164
37385
37575
37600
37458
37630
38099
37968
38030
38471
38577
38413
38197
38730
38487
38828
38743
39015
38971
38840
39243
38946
39248
39172
39191
39029
39421
39294
39447
39777
39177
39574
39821
39532
39944
39873
40017
39825
39811
39914
39995
40328
39898
39993
40322
39844
40229
40364
40477
40394
40283
40538
40464
40587
40925
40547
40831
40522
40874
40874
40796
40864
40899
41041
40869
41079
40814
40833
41311
41306
41152
41226
41127
41357
41457
41418
41303
41326
41423
41310
41484
41585
41522
41360
41329
41772
41379
41780
41739
41833
41821
41285
42060
42124
41829
41712
41864
42150
41855
41534
42108
42309
42387
41924
42198
41887
42497
42210
42232
42757
42291
42618
42117
41817
42315
41993
42301
42241
42604
42154
42395
42305
42301
42181
42632
42484
42574
42406
42387
42357
42508
42539
42275
42975
42514
42778
42917
42344
42795
42489
42765
42362
42755
42721
42486
42593
42699
42798
42715
42490
42751
42582
42992
42788
42945
42568
42852
42645
42627
42760
42773
42868
42718
42798
43134
43020
42981
43142
43250
42773
42973
43268
42925
42947
43123
43029
43240
43140
43055
43057
43046
42867
43202
43265
43100
43243
43051
43145
43381
43189
43067
43305
42834
43124
43258
43240
43009
43321
43542
43736
43572
43632
43241
43297
43377
43078
43136
42738
42866
43309
43296
43183
43391
43052
42920
43194
43161
43046
43075
42895
43353
43007
42627
42523
42897
42881
42908
43053
42639
42782
43238
42470
43034
42786
42602
42497
42286
42515
42157
42070
42144
41846
42153
42326
42011
42500
42113
42128
42078
42505
42010
41922
41895
41654
42231
41792
41415
41603
41900
42024
41777
41644
41966
41747
41351
41719
41439
41125
41223
41239
41244
40923
40715
40501
40900
41043
41031
40980
40996
40764
40830
40421
40423
40591
40390
40425
40172
40096
40474
40097
40157
39935
39899
39725
40084
39928
40068
39828
39666
39825
39742
39473
39400
39678
39277
39457
39264
38991
38961
39068
39018
39343
39234
39288
38813
38960
38645
38529
38749
38506
38548
38407
38090
38315
38314
37666
37803
37837
38236
38068
38164
37597
37817
37825
37238
37723
37519
37280
37363
37294
37398
37373
37459
37534
37172
37143
37251
36735
36794
36675
36691
36629
36466
36370
36351
36416
36404
36449
36278
36374
36281
36425
35931
36054
36011
36216
35926
35808
36042
35913
35744
35994
35479
35467
35517
35742
35388
35552
34847
35495
35480
35109
35021
35143
34964
35230
34871
35174
34990
34967
35102
34790
34938
34613
34901
34620
34665
34696
34541
34661
34143
34390
34329
34149
34365
34279
34210
33907
34247
34311
33814
33919
34402
33943
33909
33564
33787
33780
33882
33874
33810
33936
33705
33838
33742
33607
33451
33443
33595
33580
33422
33503
33639
33350
33611
33481
33995
33196
33372
33084
33328
33143
33097
33194
32930
33131
33286
32859
32716
33103
32777
32763
33102
33049
32824
33194
33192
33017
32404
32487
32640
32316
32228
32271
32358
32032
32134
31982
32398
32348
32113
31791
31790
31803
31761
31840
31515
31535
31619
31692
31519
31824
31794
31551
31867
31517
31250
31371
31693
31190
31120
31363
30980
30893
30782
30844
30678
30917
30946
30762
30740
30830
30391
30723
30360
30533
30180
30058
30286
30359
30078
30257
30107
30446
29848
29995
29970
29560
30044
30177
29677
29498
29957
29531
29516
29187
29183
29422
29111
29386
28998
29227
29042
28875
28764
28685
28659
28586
28442
28154
28477
28283
28504
28288
28304
28164
28316
27862
28127
28281
28125
28105
27789
27755
27963
27673
27787
27578
27370
27469
27596
27429
27566
27464
27142
27452
27186
27310
26986
27190
26680
27010
26837
27168
26875
26893
26796
27079
26559
26796
26920
27251
26879
26627
26647
26776
26877
26763
26661
26478
26352
26237
26360
26234
26576
26324
26505
26619
26413
26402
26534
26282
26363
26699
25892
26267
26537
26180
26107
26306
26313
26107
26035
26061
26177
26247
25660
26276
26204
25885
26082
25957
25969
26129
26148
25861
25853
26157
26184
26326
26312
25694
26045
25980
26030
25933
25991
26407
26222
26200
26029
26305
26109
26344
26239
25821
25915
25805
25966
25746
26076
26227
25993
25744
25719
25593
26030
26059
25867
26211
25920
26232
25805
25650
26015
25937
25760
26074
25715
25775
25705
25648
26073
26014
26133
26039
25535
25705
25814
25803
25483
25490
25516
25616
25726
25521
25382
25345
25647
25882
25389
25773
25720
25679
25259
25713
25558
25341
25653
25499
25406
25723
25538
25158
25518
25423
25350
25976
25703
25688
25652
25816
25118
25469
25894
25806
25848
25698
25736
25386
25528
25468
25698
25672
26078
25949
25918
26093
25857
25470
25896
25776
25882
25678
25762
26321
26046
26292
26098
26364
26447
26206
26042
26220
26408
26137
26524
26459
26604
26345
26257
26398
26410
26805
26866
26613
26933
26405
26608
26387
26166
26282
26584
26717
26211
26425
26424
26991
26826
26665
26808
26844
26780
26717
26903
26606
26673
26479
26722
26827
26654
26682
26697
26792
26617
26902
26626
26971
26781
27014
26798
27211
27019
27222
27016
27306
26911
27027
27325
27290
27584
27459
27757
27578
27400
27205
27807
27577
27426
27355
27864
27558
27542
27775
27464
27687
27575
28100
28013
27834
27840
27843
28106
27977
28143
28162
27959
28094
28061
28292
28605
28611
28381
28029
28397
28418
28226
28191
28576
28186
28167
28640
28523
28553
28733
28836
28739
28540
29281
29064
29220
29142
28775
29271
28849
29245
29079
29232
29006
29356
29054
29480
29141
29130
29420
29639
29320
29390
29549
29483
29519
29453
29648
29480
29630
29617
29568
29772
29992
29998
30243
29939
29872
30175
30257
30101
30159
30101
30400
30389
30039
30743
30785
30793
30742
30414
30833
30969
31019
30630
30857
31128
30764
31043
31156
31005
31062
31245
31176
31280
31570
31805
31805
31613
31709
31599
31780
31622
31851
32174
31752
31846
32325
32139
32319
32539
32602
32277
32715
33089
32616
32988
32860
33064
33354
33222
33276
33549
33463
33493
33462
33716
33705
33863
33901
33831
33833
34158
33991
33904
34176
33637
33996
34028
33901
34039
34574
34377
34668
34399
34456
34463
34381
34430
34532
34945
35024
34958
34583
35000
34951
34651
34646
34549
34639
35176
34861
35034
35225
34853
35180
35045
34978
35052
35290
35443
35161
35138
35430
35609
35289
35361
35178
35482
35229
35444
35082
35201
35680
35057
35287
35498
35378
35387
35529
35162
35386
35545
35387
35620
35647
35393
35273
35201
35214
35434
35287
35293
35493
35309
35356
35665
35404
35235
35313
35697
35488
35396
35714
35203
35454
35469
35371
35713
35553
35436
35703
35784
35501
35607
35697
35530
35691
35744
35233
35328
35307
35813
35634
35717
35555
35490
35801
35542
35587
35999
35577
35933
35664
35828
35514
35742
35732
35262
35769
35224
35559
35474
35535
35635
35655
35534
35477
35799
35530
35219
35359
35377
35621
35611
35148
35681
35577
35739
35486
35595
35946
35868
35512
35979
35621
35150
35594
35801
35978
35687
35501
35455
35577
35701
35261
35507
35625
35706
35574
35869
35519
35615
35306
35964
35770
35847
35621
35560
35331
35578
35622
35784
35644
35707
35677
35778
35339
35421
35858
35642
35823
35821
35533
35445
35752
35415
35912
36033
35820
35536
35788
35449
35383
35687
35730
35713
35549
35790
35408
35729
35529
35822
35892
35801
35533
35669
36038
35695
35712
35947
35528
35752
35464
35748
35679
35508
35663
35585
35290
35755
35634
35501
35783
35785
35519
35916
35649
35206
35496
35507
35386
35497
35348
35565
35571
35535
35733
35737
35801
35502
35929
35688
35752
35540
35349
35723
35597
35358
35633
36006
35809
35518
35472
35304
35423
35210
35627
35674
35984
35840
35908
35377
35681
35758
35729
35705
35400
35553
35841
35230
35805
35817
36075
35839
35590
35579
35422
35624
35489
35217
35400
35596
35314
35489
35838
35544
35623
35719
35480
35510
35424
35576
35708
36025
35940
35494
35564
35874
35472
35783
35695
35869
35655
35679
35555
35534
35619
35552
35390
35512
35413
35557
35312
35528
35662
35355
35557
35626
35705
35485
35423
35454
35821
35802
35524
35426
35596
35377
35884
35675
35665
35850
36080
35767
35802
36081
35703
35605
35616
35790
35648
35714
35807
35774
35713
35687
35628
35911
35843
35745
35404
35471
35615
35951
35333
35307
35973
35701
35269
35576
35552
35675
35616
35857
35866
35947
35916
35703
35514
35360
35689
35748
35408
35677
35799
35568
35419
35596
36041
35785
35609
35842
35460
35543
35824
35804
35833
35713
35552
35574
35429
35416
35564
35888
35713
35927
35391
35476
35803
35827
35688
35544
35485
35360
35443
35452
35550
35574
35576
35699
35735
35786
35423
35420
35510
35439
35590
36010
35312
35420
35563
35692
35789
35462
35318
35893
35762
35636
35090
35551
35354
35631
35619
35682
35454
35805
35567
35417
35247
35763
35707
35757
35568
35736
35381
35498
35706
35495
35548
35950
35532
35356
35591
35247
35392
35646
35681
35752
35408
35563
35505
35605
35331
35672
35645
35869
35779
35629
35705
35695
35339
35418
35818
35732
35451
35478
35290
35749
36001
36035
36036
35877
35586
36070
35594
35833
35566
35676
35898
35633
35888
35966
36036
35636
35674
35985
36045
35537
35861
35520
35644
35788
35923
35804
35966
35698
35859
35868
35531
35423
35610
35512
36130
35895
35674
35571
35745
35649
35723
36059
35808
35638
35742
35781
35420
35524
35600
35568
35545
35870
35492
35681
35998
35432
35478
35563
35607
35928
35928
35994
35717
35524
35495
35450
35461
35541
35805
35291
35414
35734
35824
35384
35509
35554
35637
35625
35639
35537
35781
35482
35642
35571
35656
35747
36105
35583
36020
35701
35450
35892
35660
35435
35607
35730
35552
35470
35614
35666
35645
35506
35349
35554
35652
36055
35885
35444
35854
35712
35889
35757
35850
35538
35445
35832
35760
35369
35830
35647
35840
35871
35666
35890
35888
35499
35529
35515
35813
35798
35526
35593
35827
35566
35666
35672
35499
35539
35928
35591
35522
35887
35714
35484
35567
35327
35529
35784
35349
35564
35829
35406
35556
35935
35464
35634
35573
35998
35587
35296
35600
35694
35809
35488
35607
35600
35447
35882
35429
35649
35683
35602
35347
35442
35426
35614
35571
35725
35541
35501
35639
35809
35957
35713
35717
35361
35696
35670
35878
35556
35478
35859
35846
35551
35492
35897
35640
35804
35609
35800
35618
35533
35720
35581
35940
36047
35438
35673
35689
35255
35975
35771
35305
35397
35374
35541
35276
35615
35607
35828
35717
35692
35275
35779
35272
35351
34957
35263
34838
35267
34807
34795
34506
34569
34608
34740
34430
34190
34008
34274
34387
34041
34084
33788
33765
33712
33739
33427
33387
33187
33229
33055
32950
32698
32884
32799
32519
32768
32639
32663
32772
32678
32618
32490
32496
32207
32084
32177
32121
32109
32113
31818
31632
31645
32432
31814
31977
31801
31852
31839
31728
31551
31437
31495
31234
31681
31264
31289
31137
31206
30976
31319
31029
31249
30781
31052
31134
31190
31290
30802
30885
30555
31171
30561
30525
30293
30477
30413
30565
30527
30656
30593
30223
30374
30337
30042
30280
29934
30068
30025
30096
30223
30113
30372
30123
29961
30291
30042
30066
30012
30317
30308
30442
30308
30392
30332
30594
30513
30564
30464
30250
30879
30556
30921
30979
30466
30666
30431
30715
30478
30772
30847
30609
30663
30614
30820
30839
30892
31194
30934
31042
31109
31154
30929
30802
30609
30714
30632
30817
31092
31021
30954
30885
31390
30775
30667
30893
30811
30826
30721
30997
30900
30478
30599
30793
30766
30937
30792
30748
30953
30889
30912
31145
31185
30602
30855
30781
31000
30735
30663
30646
30883
30936
30793
30722
30822
31171
30754
31124
31174
31288
30886
30953
31043
30946
30752
30717
30692
30648
30967
30944
30881
30969
31032
30775
30924
30701
30360
30736
30497
30801
30625
30686
30483
30508
30329
30837
30784
30732
30646
30526
30268
30445
30713
30539
30484
30594
30675
30408
30299
30469
30526
30635
30601
30594
30365
30446
30306
30277
30281
30139
30718
30569
30531
30201
30226
30315
30713
30087
30467
30475
30683
30472
30487
30753
30472
30213
30174
30434
30585
30417
30564
30681
30114
30648
30702
30679
30723
30583
30300
30759
30235
30373
30350
30205
30281
30183
30366
30612
30624
30481
30784
30879
30836
30387
30769
30132
30458
30505
30826
30461
30476
30575
30903
30574
30845
30707
30758
30689
30810
31046
30939
30785
30912
30840
30967
30851
31026
31165
31091
31350
31027
31263
31324
31506
31159
31404
31464
31397
31204
31087
31660
31144
31392
31487
31578
31571
31607
31602
31537
32163
31932
32110
31966
31708
31865
31969
32038
31869
31710
32322
32342
32324
32296
32360
32651
32722
32481
32551
32511
32559
32543
32473
32660
32418
32642
32838
32778
33182
33175
33228
33112
33257
33126
33457
33497
33411
33504
33791
34086
33927
34006
33975
33934
34178
34286
34251
34443
34325
34684
34403
34430
34385
34540
34392
34329
34834
35230
35281
35098
35082
35435
35308
35199
35126
35660
35408
35359
35285
35412
35661
35816
35811
36023
35800
36160
36188
36125
35958
36590
36266
36368
36554
36733
36745
36589
37077
36937
37062
37221
37409
36981
37413
37097
37013
37645
37362
37332
37552
37869
37902
37954
38077
37966
38386
38390
38419
38180
38544
38726
38532
38980
38772
38821
39097
39278
39171
38865
38945
39342
39183
38735
39276
39326
39371
39455
39593
39586
39647
39962
39900
39998
40078
39937
39889
39950
40319
40291
40386
40400
40356
40536
40579
40818
40600
40643
40588
40782
40692
40590
40665
40605
40899
40814
40883
41064
41355
41351
41412
41362
41255
41224
41234
41253
41445
41094
41707
41617
41775
41660
41466
41667
42092
42075
42124
41871
41889
42250
42194
42430
41995
42400
42288
42310
42229
42505
42326
42682
42867
42808
42372
42332
42688
42727
43003
42616
42659
42958
43015
43094
43399
42941
42858
42944
43148
43191
43208
43459
43245
43310
43286
43372
43281
43507
43696
43518
43344
43699
43561
43320
43637
43625
43831
43605
43855
43907
43976
43618
44040
44077
43821
44129
44031
44022
44345
44625
44296
44349
43804
44349
44297
44449
44266
44295
44322
43968
44248
44067
44354
44665
44738
44533
44324
44575
44610
44747
44480
44202
44242
44406
44645
44640
44464
44801
44754
44659
44618
44650
44568
44958
44753
44606
45016
44662
44965
44655
44522
44525
44471
44633
44997
45092
45041
45073
45039
44640
44746
44912
44930
44819
44793
44600
44774
44803
44618
44331
44786
44458
44687
44450
44566
44428
44552
44522
44720
44440
44568
44407
44663
44647
44536
44478
44655
44656
44403
44263
44627
44280
44333
44575
44362
44375
44298
44409
44630
44474
44451
44610
44561
44985
44627
44510
44779
44577
44294
44553
44307
44162
44801
44410
44452
44524
44281
44754
44783
44725
44176
44591
44726
44593
44451
44831
44197
44526
44333
44389
44467
44459
44432
44698
44315
44378
44275
44409
44422
44713
44290
44042
44331
44453
44412
44135
44400
44263
43861
43954
44012
44160
44315
43827
44229
43753
44138
43913
44047
43990
43936
43543
43980
43837
43663
43870
44033
43529
43592
43979
43940
43662
43889
43310
43338
43256
43287
43476
43279
42948
43291
43324
43192
43009
43419
42818
42923
43049
42909
43003
42817
42901
42781
42802
42750
42773
42582
42660
42827
42430
42475
42373
42892
42395
42552
42634
42276
42172
42548
42035
42133
42455
42398
41835
42166
42251
41906
41715
42161
41969
41949
41788
41614
41967
42037
41242
41801
41417
41938
41475
41742
41480
41724
41533
41575
41595
41231
41393
41225
41381
41209
41182
41016
41083
41034
41382
40959
40995
40948
40625
40910
40987
40830
40416
40674
40526
40218
40154
40442
40403
40382
40098
40065
40271
40009
39947
40178
40083
39763
39753
39117
39378
39557
39331
39386
39394
39229
39000
38836
38494
38716
38883
38882
38786
38635
37904
38244
38003
37880
38296
38280
38011
38137
37958
37986
37972
38186
37991
37760
37447
37637
37540
37741
37612
37351
37195
37695
37283
37265
37123
37356
37275
37388
37357
36883
36746
37158
36660
36944
36570
36692
36293
36304
36662
36316
35865
36327
36397
36458
36257
36098
35968
35684
35734
35932
35727
35595
35468
35225
35281
35179
35128
35311
35408
35342
34808
34919
35086
34699
34572
34760
34528
34602
34412
34480
34388
34704
34415
34104
34230
33920
34074
33990
33924
33755
33611
33306
33338
33623
33515
33791
33591
33395
33285
33730
33437
33662
32980
32808
32742
33016
32842
32896
32814
32321
32655
32670
32469
32797
32525
32101
32141
32435
32414
32286
31803
31791
32173
31815
31981
32042
31618
31743
31783
31683
32014
31975
31783
31800
31618
31470
31420
31412
31137
30996
31228
31290
31352
31150
31152
31245
31022
30842
31133
31382
30932
30821
30845
30894
30604
30860
30928
30736
30753
30449
30359
30405
30356
30658
30435
30279
30493
30119
30067
30010
29996
29636
29775
29741
29887
29649
29668
29805
29819
29792
29569
29518
29257
29383
29595
29421
29424
28895
29178
28960
29279
29308
29169
29230
29277
29222
28992
28982
28921
28952
29071
28738
28863
28627
28912
28578
28881
28568
28720
28935
28614
28195
28647
28292
28419
28523
28176
27996
28466
28304
28078
28414
28417
28592
28675
28269
28071
28033
28384
28174
28151
27894
28009
27923
27891
27795
28079
28139
27821
28069
28585
28291
27877
27724
27588
27896
27864
27765
27616
27611
27744
27514
27597
27606
27508
27775
27670
27637
27534
27805
27577
27809
27591
27390
27408
27428
27180
27210
27167
27383
27730
27395
27397
27404
27506
27508
27492
27352
27262
26991
27547
27547
27474
27474
26991
27291
27587
27393
27233
27075
27580
27245
27663
27536
27545
27422
27526
27569
27335
27398
27338
27645
27282
27841
27619
27533
27775
27563
27382
27536
27733
27383
27919
27365
27738
27699
27767
27786
27277
27803
27762
27855
27534
27954
28019
27779
28095
28017
27607
28206
27938
27873
28021
28184
27690
28012
28441
28295
28310
28282
28655
28269
28399
28588
28527
28645
28653
28958
29018
28901
28761
28813
28834
28933
29155
28973
28922
29018
28989
29112
29182
29275
29199
29497
30033
29321
29876
29637
29923
29795
29675
29551
29510
29841
29890
30318
30278
29818
30225
30262
30458
30089
30194
30578
30826
30516
31102
30891
30662
31399
31164
30955
31192
31122
31127
31019
31280
31405
31596
31984
31734
31862
32208
32093
31999
32287
32695
32783
32817
32522
32753
32628
33276
33333
33671
34058
33915
33630
34022
33891
34083
33696
34372
34590
34589
34311
34813
34824
34921
35245
35408
35220
35575
35603
35605
35421
35823
36317
35593
35774
36234
36062
36614
36637
36960
36653
36784
36951
36997
37188
37331
37563
37349
37713
37543
37537
37611
38044
37866
38068
38125
38010
38259
38364
38450
38859
39098
38949
38632
38991
39265
39455
39451
39537
39520
39779
39566
39451
39663
39692
40080
40088
40167
39992
40115
40150
39984
40015
40027
40470
40552
40620
40223
40655
40867
40980
41225
40910
40876
40790
40887
40956
40919
40899
41061
41221
40976
41099
40938
41245
41572
41553
41449
41606
40972
41271
41405
41512
41317
41197
41485
41400
41650
41708
41679
41962
41613
41742
41793
41424
41870
41893
41871
41853
41876
41974
41955
41937
42085
42017
42209
42404
42339
42054
41971
42593
42075
42206
42033
42286
42025
42437
42098
42256
42404
42588
42512
42761
42393
42410
42547
42678
42563
42620
42456
42063
42468
42409
42474
42367
42189
42557
42919
42351
42674
42614
42745
42563
42640
42851
42595
42112
42628
42545
42227
42567
42295
42455
42664
42499
42914
43205
42858
42427
42377
42723
42442
42529
42368
42785
42230
42228
42158
42801
42161
42452
42404
42782
42418
42188
42397
42608
42731
42587
42763
42420
42541
42380
42311
42273
42697
42347
42100
42656
42035
42371
42167
42358
42086
42112
42250
42077
41855
42400
42418
42182
42143
42068
42249
42169
42029
42017
42145
41925
41863
42057
41873
42013
41831
41735
41674
41877
41965
41919
41830
41898
41751
41718
41740
41747
41425
41386
41283
41364
41158
41586
41442
41260
41435
41294
41934
41277
41457
41327
41536
41480
41501
41481
41652
41106
41247
41560
41467
41366
41448
41139
41452
41483
41583
41321
41124
41153
41012
41120
41015
41355
40696
40992
41161
40528
40756
40974
40889
40632
40989
40918
40479
40589
40321
40768
40631
40529
40416
40666
40742
40511
40316
40082
40197
40313
40054
40360
40151
40171
39998
40421
40023
40160
39939
39822
39871
39908
39484
39585
39581
39826
39779
39343
39294
39202
39203
39438
39198
39276
39162
38977
39322
39269
39031
38969
39054
39202
38975
39030
38480
38846
38867
38833
39153
38569
38660
38524
38491
38559
38758
38219
38490
38564
38424
38557
38238
38288
38346
37820
38238
38341
38189
38291
38490
38328
38283
38198
37859
38103
37587
37834
37797
37706
37882
37331
37598
37460
37386
37345
37162
37428
37603
37574
37549
37874
37267
37614
37351
36985
37030
37271
36938
37057
36830
36861
36630
36646
36753
36673
36518
36369
36574
36792
36626
36532
36492
36578
36295
36535
36427
35998
36386
36086
36608
36046
36205
36061
36286
36067
36236
35736
35961
35686
36149
35798
35891
35927
35780
35702
35494
35376
35505
35503
35545
35264
35482
34917
35597
35590
34979
34687
34940
35070
34928
35243
35382
35180
34685
34881
34872
34804
34407
34737
34767
34701
34684
34423
34534
34382
34670
34231
34526
34352
34121
34465
34402
34178
34052
34668
34387
34219
34335
34530
34546
34440
34116
34746
33861
34265
34400
34515
34250
34295
34106
34104
34049
34233
34315
34501
34281
34215
34096
34110
34117
34198
33962
34305
34250
34105
34404
34412
33950
34207
34220
33770
34210
34651
34154
34524
34460
34268
34352
34176
34502
34206
34365
33931
34202
34259
34519
34190
34462
34729
34732
34712
34562
35066
34502
34469
34591
34839
34062
34524
34479
34599
34633
34668
34832
34819
35180
34783
34866
35156
35052
34631
34949
35386
35088
34997
35280
35043
35195
35230
35795
35423
35526
35437
35479
35721
35554
35483
35363
35390
35932
35560
35658
35682
35855
35539
35584
35681
35678
35804
35491
35341
35447
35774
35607
35803
35558
35800
35869
35645
35411
35576
35448
35774
35706
35844
35824
35665
35591
35774
35573
35431
35403
35703
35688
35424
35580
35693
35631
35732
36000
35767
35793
35551
35692
35702
35713
35881
35843
35517
35691
35828
35678
35867
35590
35390
35752
35971
35756
35859
35899
35616
35569
35859
35492
35649
35754
35549
36034
35801
35649
35521
35453
35397
35681
35451
35731
35846
35538
35702
35502
35560
35641
35556
35662
35782
35756
36104
35670
35453
35521
35911
36014
35853
35727
35654
35309
35721
35543
35540
35765
35483
35602
35652
35619
35363
35786
35666
35425
35401
35785
35597
35396
35740
35680
35618
35567
35402
35689
35842
35503
35943
35831
35609
35491
35592
35654
35436
35355
35513
35778
35909
35886
35782
36088
36130
35816
35464
35686
35839
35711
35509
35557
35540
35590
35334
35117
35519
35554
35636
35585
35577
35509
35606
35916
35295
35615
35757
35946
35596
35503
35644
35473
35534
35715
35620
35547
35491
35416
35917
35992
35605
35741
35685
35745
35419
35445
35497
35507
35773
35772
35587
35582
35515
35750
35459
35609
35862
36050
35573
35747
35491
35581
35424
35742
35499
35746
35785
35887
35672
35556
35317
35415
35919
35492
35434
35715
35533
35444
35475
35520
35389
35508
35752
35570
35754
35836
35573
35501
35826
35752
35453
35923
35695
35911
35559
35274
35300
36093
35453
35906
35446
35894
35756
35553
35727
35803
35775
35614
35630
35880
35660
35657
35382
35774
35575
35570
35858
35727
35837
35348
35556
35605
35551
35584
35673
35398
35640
36134
35668
35952
35611
35577
36022
35712
35711
35530
35871
35569
35791
35509
35693
36031
35348
35403
35449
35693
35258
35766
35676
35715
35536
35641
36129
35635
35492
35516
35627
35565
35118
35545
35411
35552
35648
35565
35510
35723
35776
35680
35757
36100
35789
35722
35628
35935
35996
35541
35662
35929
36003
35873
35794
35458
35539
35904
35158
35616
35942
35848
35642
35773
35667
35460
35542
35698
36230
35941
35618
35824
35854
35576
35947
35790
35605
35501
35529
35495
35693
35528
35613
35630
35855
35464
35689
35797
35717
35327
35697
35863
35612
35538
35722
35555
35803
35625
35641
35601
35969
35314
35527
35775
35536
35705
35645
35419
35517
35595
35538
35650
35825
35700
35688
35856
35761
35719
35222
35581
35687
35525
35570
35855
35549
35921
35481
35886
35955
35693
35736
35579
36055
35468
35765
35986
35697
35720
35739
35599
35394
35612
35481
35528
35442
35386
35659
35267
35605
35556
35581
36019
35779
35729
35614
35753
35872
35552
35510
35496
35516
35304
35480
35451
35809
35829
35900
35934
35907
35777
35569
35424
35524
35580
35533
35723
35708
35570
35449
35532
35427
35487
35925
35452
35399
35553
35584
35532
35337
35869
35475
35353
35788
35686
35478
35723
35770
35639
35374
35312
35930
35139
35665
35603
35336
35253
35626
35531
35805
35863
35938
35307
35445
35634
35444
35750
35472
35624
35734
35713
35630
35621
35726
35614
35287
35676
35486
35415
35870
35654
35559
35438
35714
35704
35663
35748
35609
35643
35232
35522
35759
35779
35521
35715
36112
35708
35551
35586
35662
35207
35288
35749
35511
35529
35394
35493
35826
35645
36028
35725
35793
35761
35840
35639
35425
35497
35486
35596
35560
35808
35936
35937
35527
35626
35965
35765
35975
36089
35806
35730
35438
35580
35680
35663
35448
35529
35535
35681
35637
35705
35200
35813
35560
35543
35704
35556
35698
35667
35511
35924
35534
35410
35878
35530
35871
35860
35898
35266
35643
35526
35609
35454
35873
35307
35378
35321
35462
35718
35660
35608
35518
35493
35602
35639
35583
35432
35252
35528
35678
35738
35139
35214
35795
35369
35764
35687
35658
35910
35120
35596
35678
35873
35456
35461
35445
35237
35855
35395
35210
35632
35833
35685
35637
35560
35922
35548
35866
36021
35492
35678
35357
35730
35240
35382
35552
35409
35565
35391
35666
35598
35506
35551
35447
35425
35840
35462
35861
35892
35462
35329
35796
35661
35725
35772
36070
35874
35898
35836
35982
35411
35655
35576
35867
35505
35891
35465
35389
35325
35712
35648
35590
35734
35852
35726
35790
35526
35777
35276
35541
35551
35818
35546
35854
35648
35702
35753
35468
35982
35555
35571
35543
35634
35814
35838
35728
35414
35360
35782
35630
35688
35956
35518
35579
35520
35374
35571
36232
35597
35694
35912
35836
35973
35811
35613
35676
35463
35396
35616
35524
35425
35564
35553
35485
35393
35404
35312
35763
35778
35534
35300
35570
35929
35562
35384
35398
35503
35226
35539
35787
35963
35875
35743
35939
35509
35257
35837
35668
35941
35457
35721
35779
35754
35565
36059
35437
35568
35304
35671
35647
35486
35490
35837
35587
35426
35685
35691
35874
35670
35323
35525
35929
35791
35303
35456
35615
35902
35942
35657
35658
35377
35897
35422
35794
35836
35644
35660
35411
35341
35664
35571
35482
35689
35561
35596
36003
35733
35708
35686
36160
35797
35529
35725
35653
35742
35460
35199
35926
35606
35610
35499
35584
35657
35410
35653
35750
35962
35548
35483
35671
35425
35651
35734
35876
35647
35726
35552
35916
35675
35254
35560
35567
35512
35800
35545
35849
35941
35619
35384
35366
35629
35530
35442
35854
35528
35745
35707
35977
35569
35489
35914
35637
35726
35614
35975
35617
35401
35605
35714
35579
35608
35687
35666
35383
35543
35564
35269
35517
35508
35634
35300
35709
35814
35510
35655
35822
35742
35893
35869
35557
35683
35450
35698
35846
35461
35622
35944
35654
35429
35282
35800
35642
35448
35621
35647
35441
35416
35870
35723
35678
35630
35569
35565
35432
35572
35634
35719
35641
35569
35708
35378
35538
35812
35480
35738
35562
35522
35205
35338
35707
35655
36004
35658
35818
35526
35803
35645
35508
35748
35592
35251
35772
35779
35458
35259
35937
35609
35990
35722
35777
35711
36156
35806
35812
35799
35616
35822
35476
35520
35723
35555
35343
35587
35566
35632
36194
35580
35476
35592
35681
35695
35466
35451
35701
35522
35622
35854
35780
35536
35751
35479
35843
35603
35523
35297
35950
35647
35562
35619
35709
35537
35723
36074
35247
35478
35849
35664
35881
35725
35957
35904
35293
35781
35600
35410
35844
35380
35562
35376
35773
35537
35589
36042
35509
35499
35580
35535
35509
35611
35733
35823
35648
35529
35914
35876
35749
35437
35283
35403
35680
35927
35708
35472
35657
35582
35749
35694
35605
35717
35586
35775
35913
35388
35844
35496
35418
35531
35602
35327
35531
35825
36048
35698
35781
35653
35574
35398
35754
35546
35530
35595
36021
35745
35495
35865
35920
35864
35609
35665
35762
35381
35465
35509
35709
35153
35981
35682
35614
35697
35480
35395
35682
35615
35412
35179
35393
35372
35220
35652
35764
35706
35674
35804
35498
35476
35543
35921
35657
35489
35352
35547
35627
35566
35502
35587
35618
35431
35617
35786
35645
35711
35705
35425
35599
35662
35979
35409
35501
35433
35204
35392
35555
35877
35385
35644
35672
35956
35560
35654
35813
35532
36014
35657
35717
35778
35376
35726
35622
35662
35597
35641
35569
35523
35849
36067
35590
35936
35065
35766
35718
35661
35756
35787
35429
35413
35278
35783
35530
35417
35421
35685
35525
35403
35865
35521
35617
35770
35544
35947
35373
35684
35618
35298
35474
35562
35798
35504
35472
35904
35372
35688
35240
35530
35802
35615
35560
35859
35990
35901
35694
35680
35516
35504
35970
35544
35833
35632
35739
35707
35582
35501
35417
35618
35963
35628
35733
35463
35294
35199
35330
35577
35585
35550
36043
35896
35569
35250
35646
35699
35702
35701
35672
35417
35425
35122
35785
35396
35782
35927
35756
35775
35860
35830
35638
35456
35581
35504
35452
35552
35623
35408
35608
35285
35450
35605
35523
35269
35250
35767
35575
35609
35286
35089
35325
35560
35612
35186
35116
35304
35496
35553
35366
35560
35436
35700
35545
35499
35475
35565
35716
35750
35745
35645
35789
35420
35519
35551
35476
35672
35444
35614
35390
35556
35639
35926
35619
35587
35715
35592
35729
35706
35262
35530
35637
35803
35737
35636
35548
35523
35753
35570
35568
35464
35420
35558
35529
35751
35423
35748
35595
35399
35662
35506
35674
35623
35635
35473
35763
35627
35421
35508
35648
35441
35574
35562
35697
35524
35586
35628
35728
35625
35539
35625
35475
35327
35543
35413
35613
35821
35609
35738
35527
35738
35516
35859
35559
35671
35629
35613
35814
35933
35448
35272
35402
35355
35431
35434
35566
35531
35955
35906
35767
35251
35554
35567
35712
35751
35907
35830
35862
35532
35756
35864
35538
35832
35757
35738
35999
35690
35523
35746
35535
35395
35525
35453
35662
35353
35733
35534
35530
35590
35621
35742
35467
35767
35665
35618
35482
35433
35826
35802
35230
35831
35703
35543
35868
35887
35545
35555
35695
35406
35477
35492
35622
35499
35684
35478
35763
35780
35750
35511
35358
35557
35467
35589
35394
35631
35476
35914
35354
35476
35732
35948
35860
35553
35130
35557
35717
35741
35560
35530
35576
35715
35514
35681
35575
35485
35591
35525
35790
35730
35839
35721
35500
35834
35665
35465
35336
35219
35823
35716
35686
35574
35944
35668
35768
35741
35448
35358
35346
35651
35880
35694
35673
35590
35591
35694
35937
35937
35623
36113
35429
35467
35598
35618
35979
35642
35423
36125
35906
35513
35817
35499
35662
35876
35820
35711
35551
35998
35470
35773
35641
35774
35770
35967
35600
35682
35558
35787
35738
35597
35889
35668
35966
35479
35590
35632
35864
35850
35468
35590
35428
35548
35479
35618
35591
35768
35337
35642
35768
36047
35721
35564
35682
35466
35391
35840
35698
35601
35812
35262
35619
35623
35575
35828
35474
35624
35913
35810
35636
35458
35602
35928
36077
35946
35898
35840
35457
35195
35583
35570
35479
35705
35661
36043
35624
35830
35726
35498
34897
35661
35672
35472
35483
35680
35929
35481
35759
36115
35818
35674
35628
35581
35709
35599
35493
35777
36048
35304
35411
35865
35687
35931
35592
35740
35561
35965
35757
35736
35916
35236
35548
35514
35798
35565
35630
35640
35520
35649
35618
35417
35436
35561
35959
35701
36044
35816
35122
35693
35354
35815
35580
35431
35744
35275
35493
35769
35472
35883
35819
35296
35779
35730
35597
35726
35324
35818
35713
35637
35464
35352
35417
35656
35514
35879
35532
35519
36045
35705
35582
35422
35643
35304
35779
35648
35590
35738
35705
36094
35653
35787
35795
35805
35413
35472
35426
35571
35246
35114
35227
35634
35715
35631
35946
35834
35652
35411
35522
35894
35940
35642
35558
35670
35410
35615
35784
35388
35378
35726
35754
35723
35527
35775
35657
35551
35616
35777
35663
35860
35613
35761
35628
35604
35451
35285
35500
35610
35654
35744
35633
35715
35652
35914
35484
35663
35624
35581
35665
35708
35745
35393
35497
35486
35327
35230
35510
35727
35741
35454
35349
35860
35507
35966
35683
35821
35776
35342
35340
35482
35629
35543
35535
35682
35765
35643
35654
35967
35671
35474
35443
35787
35655
35481
35502
35426
35610
35556
35721
35478
35613
36109
35624
35554
35588
35525
35459
35767
35686
35462
35596
36044
35535
35678
35795
35457
35384
35739
35451
35884
35728
35631
35863
35655
35724
35565
35506
35495
35713
35816
35287
35302
35973
35375
35700
35749
35630
35830
35792
35524
35682
35734
35768
35532
35220
35963
35711
35424
35666
35752
35916
35538
35656
35472
35855
35814
35531
35756
35481
35446
35354
35881
35759
35760
35443
35553
35634
35593
35507
35616
35440
35815
35761
35725
35818
35714
35961
35387
35555
35435
35546
35421
35678
35798
35836
35630
35628
35578
35631
35670
35434
35435
35671
36003
35860
35526
35647
35361
35908
35737
35505
35397
35519
35620
35631
35477
35951
35928
35792
35844
35760
35476
35724
35513
35396
35327
35751
35596
35648
35804
35783
35543
35650
35487
35603
35404
35565
35418
35859
35654
35613
35697
35495
35576
35503
35548
35397
35141
35332
35807
35757
35423
35881
35568
35570
35662
35698
35308
35845
35556
35344
35607
35758
35674
35703
35827
35610
35877
35834
35788
35507
35521
36055
35485
35592
35618
35712
35126
35549
35649
35857
35529
35503
35167
35534
35596
35691
36013
35623
35772
35297
35526
35349
35435
35301
35779
35482
35506
35493
35671
35312
35616
35569
35901
35464
35535
35473
35804
35380
35659
35671
35721
35348
35662
35602
35817
35487
35514
35578
35454
35175
35621
35590
35530
35674
35578
35361
35560
35663
35452
35702
35489
35325
35719
35836
35703
35685
35886
35763
35588
35455
35879
35501
35488
35490
35919
35496
35672
35689
35796
35672
35803
35461
35641
35753
35701
35840
35263
35553
35759
35512
35995
35646
35431
35444
35560
35788
35292
35669
35505
35349
35437
35786
35403
35437
35565
35614
35708
35537
35805
35543
35509
35623
35568
35646
35734
35641
35468
35408
35281
35563
35696
35690
35794
35617
35684
35269
35780
35680
35741
35767
35275
35559
35486
35669
35581
35856
35960
35576
35471
35440
35570
35540
35414
35513
35557
35647
35584
35824
35487
35619
35509
35488
35637
35264
35507
35434
35441
35690
35310
35471
35756
35402
35762
35774
35487
35389
35603
35625
35954
35735
35870
35599
35496
35684
35760
35692
35699
35306
35695
35392
35358
35494
35577
35551
36024
35843
35713
35595
35431
35839
35539
35678
35532
35339
35626
35388
35296
35781
35727
35783
35652
35810
35651
35510
35805
35814
35607
35727
35746
35598
35435
35587
35598
35627
35617
35566
35410
36029
35761
35811
35580
35536
35886
35259
35352
35576
35434
36032
35537
35778
36005
35458
35723
35583
35778
35653
35574
35802
35636
35770
35761
35291
35320
35576
35695
35837
35312
35498
35711
35454
35833
35507
35512
35676
35258
35520
35659
35401
35430
35416
35576
35345
35708
35541
35506
35794
35621
35992
35954
35478
35241
35485
35302
35587
35546
35830
35668
35474
35800
35836
36054
35846
35626
35675
35730
35704
35835
35473
36057
35586
35400
35855
35854
35482
35502
35781
35563
35468
35447
35653
35632
35756
35575
35404
35424
35263
36118
35703
35552
35541
35524
35625
35600
35542
35490
35919
35614
35793
35471
35578
35805
35467
35587
35830
35710
35370
35579
35627
35622
35698
35856
35792
35595
35629
35559
35803
35682
35617
35523
35601
35364
35622
35557
35649
35951
35480
35553
35524
35848
35595
35707
35534
35741
35468
35743
36001
35611
35646
35503
35711
35410
35620
35719
35747
35650
35465
35665
35668
35612
35430
35335
35999
35688
35735
35756
35531
35596
35480
35632
35887
35726
35643
35780
35407
35612
35891
35671
35769
35414
36044
35485
35934
35705
35582
35408
35699
35333
35594
36013
35860
35370
35437
35847
35944
35657
35560
35630
35834
35527
35474
35632
35524
35389
35734
35667
35505
35801
35841
35699
35615
35830
35626
35800
35976
35543
35576
35547
35802
35581
35738
35447
35569
35331
35508
35382
35744
35291
35908
36008
35683
35751
35671
35488
35723
35398
35870
35773
35854
35446
35595
35579
35603
35617
35395
35384
35603
35677
35727
35479
35364
35532
35607
35649
35426
36059
35667
35577
36001
35867
35878
35529
35720
35529
35804
35884
35670
35618
35572
35490
35761
35938
35742
35528
35950
36083
35711
35483
35871
35460
35659
35833
35595
35833
35587
35370
35034
35482
35450
35865
35426
35791
35668
35475
35768
35441
35683
35473
35381
35298
36027
35649
35558
35648
35457
35405
35606
35761
35571
35722
35264
35574
35552
35730
35555
35474
35429
35598
35809
35368
35556
35664
35690
35639
35819
35737
35393
35582
35302
35912
35422
35669
35691
35814
35847
35793
35880
35779
35695
35548
35826
35686
35213
35422
35948
35547
35438
35401
35858
35661
35760
35631
35763
35902
35673
35835
35567
35518
35895
35735
35657
35744
35665
35822
35900
35336
35938
35777
35967
35862
35389
35717
35617
36003
35975
35731
35588
35763
35661
35909
36031
35656
35550
35548
35423
35659
35563
35881
35841
35684
35740
35680
35472
35568
35508
35736
35694
35411
35676
35725
35543
35797
35431
35882
35677
35295
35502
35865
35382
35511
35650
35673
35396
35685
35425
35720
35492
35757
35700
35418
35259
35676
35523
35298
35651
35905
35848
35557
35604
35722
35740
35607
35444
35485
35504
35825
35901
35781
35571
35416
35500
35887
35861
35819
35846
35714
35676
35524
35708
35749
35448
35539
35582
35402
35394
35330
35780
35589
35610
35608
35680
35799
35637
35537
35816
35503
35810
35808
35577
35459
35595
35709
35718
35493
35259
35355
35761
35442
35624
35756
35674
35619
35628
35545
35761
35480
35906
35646
35887
35777
35999
35519
35692
35714
35765
35619
35819
35608
36001
35171
35418
35091
35852
35635
35528
35599
35401
35873
35611
35354
35815
35857
35664
35300
35733
35852
35510
35796
35852
35160
35477
35535
35520
35792
35516
35473
35737
35561
35388
35378
35809
35644
35523
35072
35641
35612
35558
35567
35854
35371
36010
35760
35627
35690
35866
35347
35778
35672
35747
35786
35418
35770
35779
35594
35735
35834
35500
35533
35661
35667
35990
35883
35404
35415
35612
35530
35571
35644
35625
35866
35885
35778
35390
35384
35621
35749
35477
35790
36027
35581
35660
35542
35542
35605
35681
35572
35598
35764
35794
35822
35928
35805
35710
35424
35277
35940
35888
35679
35555
35638
35966
35455
35469
35319
35562
35461
35454
35715
35754
35542
35879
35670
35574
35594
35662
35648
35564
35767
35560
35727
35773
35534
35599
35754
36107
35866
35506
35712
35574
35732
35894
35759
35478
35627
35613
35663
35908
35804
36055
35761
35512
35811
35647
35880
35707
35674
35913
35606
35656
35715
35881
35430
35362
35376
35441
35527
35501
35563
35615
35705
35499
35658
35463
35614
35433
35619
35406
35453
35806
35735
35742
35506
35256
35591
35614
35554
35644
35315
35630
35863
35768
36044
35785
35460
35784
35646
35522
35895
35986
35716
35456
35668
35860
35416
35527
35498
35381
35525
35764
35421
35532
35860
35635
35930
35807
35501
35722
35499
35568
35787
35662
35626
35850
35457
35907
35610
35592
35491
35504
35421
35687
35908
36030
36022
35951
35529
36041
35525
35707
35644
35888
35459
35177
35785
35448
35876
35765
35515
35694
35557
35660
35629
35875
35510
35633
35503
35643
35605
35481
35395
35403
35781
35390
35705
35688
35664
35815
35464
35592
35550
35303
35345
35643
35751
36006
35718
35344
35621
35516
35819
35637
35736
35536
35591
35425
35575
35859
35798
35471
35654
35815
35579
35620
35907
36065
35840
35878
35998
35594
35456
35732
35766
35714
35586
35676
35441
35777
35554
35561
35925
35707
35792
35689
35613
35456
35498
35669
35839
35603
35537
35664
35900
35728
35549
35933
35773
35815
35543
35712
35489
35778
35669
35656
35686
35272
35583
35417
35603
35446
35533
35770
35610
35977
35489
35773
35845
35611
35560
35683
35735
35728
35570
35725
35646
35398
35856
36009
35640
35431
35639
35473
35741
35697
35826
35584
35366
35350
35520
35678
35755
35637
35665
35518
35923
35935
35900
35720
35444
35984
35965
35491
35680
35604
35904
35557
35629
35954
35433
35635
35676
35787
35451
35523
35485
35638
35623
35640
35794
35651
35509
35281
35590
35784
35756
35688
35713
35557
35600
35887
35862
35849
35592
35401
35079
35751
35812
35684
35888
35832
35923
35764
35625
35481
35709
35480
35798
35735
35688
35580
35862
35838
35609
35585
35575
35630
35632
35713
36166
35768
35721
35747
35875
36158
35705
35727
35718
35306
35457
35520
35736
35543
35569
35571
35858
35752
35982
35631
35845
35371
35640
35627
35641
35711
35478
35479
35613
36064
35391
35768
35417
35998
35759
35826
35446
35778
35761
35458
35800
35733
35671
35800
35645
35430
35598
35798
35599
36073
35605
35683
35776
35700
35636
35534
35386
35753
35566
35433
35615
35487
35602
35746
35427
35684
35420
35517
35612
35865
35321
35736
35586
35478
35778
35430
35629
35453
35609
35623
35917
35748
35295
35848
35525
36001
35683
35699
35754
35749
35994
36049
35454
35716
35618
35517
35809
35555
35899
35789
35667
35350
35479
35567
35675
35838
35842
35602
35752
35772
35682
35677
35769
35725
35893
35634
35766
35870
35500
35839
35465
35668
35735
35888
35468
35776
35739
35628
35633
35359
35511
35523
35667
35729
35674
35871
35733
35579
35917
35524
35552
35640
35794
35914
35366
35796
35658
35606
35871
35568
35580
35943
35425
35824
35581
35803
35511
35578
35553
35820
35691
35859
35948
35451
35411
35570
35505
35811
35543
35503
35707
35946
35525
35879
35658
35763
35315
35435
35659
35610
35464
35554
35764
35653
35828
35498
35656
35695
35846
35444
35473
35537
35611
35812
35696
35639
35919
35516
35719
35664
35764
35565
35766
35563
35953
35795
35379
35564
35532
35753
35520
35524
35496
35513
35459
35484
35717
35166
35845
35677
35405
35433
35510
35645
35655
35403
35880
35731
35594
35453
35348
35800
35693
35453
35581
35837
35901
35919
35638
35982
35769
35760
35661
35315
35744
35545
35354
35379
35766
35538
35407
35722
35729
35620
35702
36085
35995
35723
35750
35610
35994
35706
35253
35830
35639
35704
35808
35401
35182
35575
35370
35479
35760
35548
35603
35567
35689
35839
35659
35962
35559
35801
35768
35585
35708
35402
35788
35514
35948
35721
35825
35531
35613
35784
35892
35797
35773
35883
35484
35564
35556
35476
35589
35765
35469
35559
35262
35646
35686
35339
35814
35636
35359
35607
35879
35635
35996
35801
35722
35719
35397
35512
35495
35451
35664
35548
35600
35585
35646
35627
35752
35823
35468
35725
35968
35916
35914
35571
35697
35619
35783
35716
35368
35601
35835
35709
35733
35597
35650
35884
35627
35748
35712
35599
35576
35508
35462
35792
35780
35788
35862
35853
35879
35854
35772
35915
35844
35624
35534
35902
35831
35459
35862
35657
35881
35403
35493
35419
35880
35797
35587
35683
36046
35929
35798
35389
35685
35680
35681
35815
36015
35674
35882
36131
35618
35291
35384
35581
35752
35834
35713
35806
35571
35778
35428
35242
35666
35671
35795
35858
35365
35836
35452
35670
35604
35665
35676
35635
35704
35923
35655
35586
35484
36221
35439
35983
35846
35403
35585
35647
35735
35477
35672
35693
35543
35893
35618
35477
35768
35187
35179
35732
35621
35645
35722
35686
35656
35745
35607
35847
35825
35837
35840
35678
35592
35412
35748
35708
35609
35816
35748
36059
35858
35557
35866
35489
35677
35468
35516
35752
35608
35968
35720
35680
35884
35982
35775
35669
35792
35637
35551
36011
35582
35447
35516
35417
35564
35722
35689
35615
35964
35825
35616
35925
35841
35745
35312
35513
35603
35874
35450
35658
35730
35664
35489
35616
35681
35638
35838
35651
35451
35338
35892
35875
35742
36038
35482
35467
35559
35884
35580
35604
36023
35584
35879
35450
35432
35369
35685
35815
35570
35662
35700
35853
35501
35891
36017
35628
35926
35957
35732
35856
35985
35393
35559
35387
35741
35533
35466
35560
35529
36075
35638
35597
35564
35810
35677
35424
35656
35855
35452
35765
35529
35857
35722
35568
35970
35422
35553
35584
35761
35726
35515
35610
35638
35669
35459
35585
35568
35746
35492
35580
35400
35756
35539
35637
35346
36122
35934
35633
35334
36058
35616
35353
35451
35913
35797
35716
35378
35534
35551
35615
35545
35859
35701
35483
35546
35310
35763
35515
35463
35331
35442
35794
35497
35765
35711
35487
35224
35632
35424
35633
36043
35310
35763
35704
35618
35999
36001
35567
35919
35786
35383
35606
35729
35536
35481
35774
35879
35906
35350
35771
35545
35613
36137
35865
35741
35648
35283
35487
35359
35899
35701
35483
35341
36042
35891
35623
35383
35957
35616
35403
35759
35734
35861
35704
35750
35531
35602
35948
35652
35811
35487
35596
35908
35621
35630
35492
35714
35775
35173
35498
35880
35595
35623
35689
35510
35879
35699
35861
35566
35573
35411
35786
35450
35602
35701
35762
35812
35425
35487
35592
35882
35463
35712
35603
35553
35681
35804
35801
35657
35776
35961
35253
35588
35532
35669
35652
35431
35661
35659
35983
35887
35757
35856
35472
35918
35416
35678
35714
35577
35618
35794
35506
35504
35711
35657
35669
35277
35764
35631
35951
35424
35647
35936
35902
35640
35596
35508
35662
35548
35431
35642
36011
36141
35750
35684
35766
35418
35654
35861
35526
35767
35853
35627
35673
35902
35931
35450
35619
35963
35405
35804
35719
35702
35505
35446
35850
35463
36138
35670
36008
36032
35857
35281
35780
35933
35853
35688
35707
35520
35808
35319
35600
35432
35783
35364
35836
35617
35672
35492
35501
35637
35502
35644
35937
35994
35650
35513
35758
35783
35573
35539
36033
35503
35707
35533
35541
35658
35514
35503
35804
35362
35755
35632
35697
35478
35794
35850
35601
35607
35545
35621
35604
35575
35882
35663
35491
35628
35798
35894
35342
35581
35837
35500
35639
35928
35457
35612
35719
35515
35653
35826
35492
35488
35705
35505
35902
35765
35621
35517
35807
35614
35620
35257
35318
35528
35516
35712
35610
35518
35578
35485
35606
35747
35688
35714
35696
35831
35670
35328
35303
35828
35569
35608
35647
35797
35544
35728
35500
35529
35380
35423
35503
35808
35797
35695
35944
35545
35607
35752
36119
35782
35416
35606
35504
35680
35624
35463
35660
35674
35525
35055
35588
35872
35899
35705
35610
35373
35652
35361
35481
35589
35493
35672
35885
36030
35789
35619
35750
35442
35955
35678
35747
35700
35681
35728
35572
35692
35345
35662
35604
35435
35641
35889
35506
35602
35929
35295
35903
35820
35607
35403
35606
35540
35832
35557
35417
35520
35754
35727
35822
36045
35591
35729
35670
35346
35681
35719
35875
35433
35492
35688
35708
35809
35985
35609
35931
35789
36057
35459
35576
35615
36041
35490
35812
35745
35509
35526
35657
35722
35689
35783
35919
35818
35399
35985
35821
35935
35751
35864
35634
35237
36051
35714
35875
35296
35931
35833
35459
35886
35642
35584
35305
35776
35880
35566
35302
36087
35481
35638
35576
35844
35526
35588
35848
35903
35473
35416
35374
35569
35759
35859
35450
35725
35714
35447
35861
35526
35967
35732
35502
35764
35686
35853
35392
35687
35394
35657
35412
35398
35389
35523
35938
35729
35658
35788
35452
35849
35560
35889
35633
35548
35703
35766
35350
35603
35299
35644
35772
35560
35591
35646
35440
35646
35756
35445
35701
35549
35419
35801
35247
35509
35793
35884
35919
35699
36010
36072
35614
35837
35624
35778
35601
35909
35672
35864
35866
35799
35761
35718
35492
35967
35882
35396
35950
35828
35723
35978
35519
35821
35438
35463
35460
35579
35627
35511
35503
35539
35689
35486
35925
35746
35630
35830
35365
35696
35625
35891
35687
35726
35716
35775
35787
35500
35837
35720
35650
35674
35700
35877
35673
35525
35797
35758
36014
35882
35732
35633
35959
35697
35693
35686
35635
35498
35711
35728
35798
35719
35738
35632
35835
35840
35438
35634
35616
35766
35731
35737
35439
35862
35830
35681
35716
35573
35657
35812
35722
35997
35854
35696
35774
35564
35734
35525
35826
35634
36032
35776
35857
35207
35900
35494
35773
35812
35627
35786
35870
35787
35985
36046
35867
35842
35754
35963
35847
35616
35618
35534
35520
35741
35899
35995
35853
35855
35635
35652
35441
35963
35530
35661
35605
35407
35736
35641
35517
35278
35567
35428
35847
35541
35942
35546
35850
35565
35343
35832
35950
35576
35722
35539
35574
35693
35731
35653
35686
35405
35677
35942
35811
35662
36049
35777
35716
36044
36135
36000
35733
35744
35724
35763
35693
35810
36028
35703
35757
35579
35448
35652
35409
35530
35577
35653
35629
35556
35455
35850
35703
35456
35831
35390
35643
35758
35762
35458
35640
35516
35531
35765
35532
35656
35686
35903
35682
35636
35740
35868
36012
35269
35556
35832
35700
35880
35800
35925
35608
35625
35413
35972
35823
35820
35561
35891
35570
35419
35698
35863
35432
35466
35164
35430
35871
35612
35145
35601
35996
35820
35625
35463
35476
35428
35752
35583
35573
35718
35592
35702
35726
35987
35554
35686
35880
35689
35732
35616
35538
35451
35782
35169
35620
35559
35448
35620
35364
36122
35525
35539
35435
35519
35532
35838
35789
35480
35578
35760
35553
35642
35328
35708
35767
35908
35787
35706
36032
35629
35855
36062
35671
35560
35603
35778
35546
35578
35350
35570
35688
35711
35742
35644
35473
35582
35904
35826
35621
35343
35634
35916
35845
35735
35582
35644
36167
35793
35988
35590
35657
35489
35631
35557
35609
35775
35707
35537
35851
35858
35548
35748
35758
35561
36072
35810
35664
35704
35693
35517
35798
35641
35245
35453
35817
35783
36021
35620
35714
35825
35349
35513
36132
35748
35926
35667
35155
35755
35748
35380
35911
35515
35595
35613
35541
35652
35425
35751
35751
35466
35770
35581
35466
35420
35783
36027
35779
35601
35746
35820
35512
35549
35374
35741
35605
35452
35515
35246
35430
35671
35577
35706
35728
35988
35524
35769
35534
35825
35628
35489
35858
35513
35613
35783
35772
35778
35431
36003
35670
35795
35756
35868
35808
35626
35797
35573
35814
35831
35672
36006
35529
35646
35597
35711
35525
35469
35642
35567
35615
35648
36006
35794
35978
35830
35306
35672
36007
35449
35574
35417
35597
35928
35280
35340
35577
35531
35781
35855
35574
35867
35555
35827
35636
35566
35930
35732
35519
35223
35828
35596
35374
35753
35776
35172
35611
35306
35843
35534
35936
35775
35370
35599
35765
35977
35867
35768
35689
35955
35597
35825
35469
35667
35439
35528
35619
35571
35505
35556
35765
35669
35796
35759
35827
35377
35413
35579
35863
35761
35633
35751
35732
35680
35575
35889
35938
35342
35495
35511
35592
35540
35729
35834
35431
35619
35728
35487
35780
35408
35710
35732
35732
35427
35503
35430
35639
35547
35662
35890
35712
35658
35978
35444
35956
35679
35859
35622
35751
35532
35572
35878
36040
36025
35739
35625
35766
35719
35726
35496
35738
35744
35570
35396
35652
35513
35382
35526
35710
35934
35740
35683
35747
35515
35797
35955
35842
35696
35523
35475
35441
35354
35500
35577
35366
35972
35445
35698
35615
35777
35469
35620
35582
35564
35793
35662
35661
35556
35795
35512
35587
35944
35641
35522
35681
35798
35725
35653
35785
36077
35613
35873
35785
35834
35622
35930
35856
35479
35651
35702
36110
35595
35719
35763
35424
35508
36186
35709
35435
35586
35420
35502
35796
35485
35692
35967
35525
35312
35764
35766
35571
35837
35733
35739
35491
35579
35380
35406
35731
35465
35552
36005
35470
35722
35488
35436
35496
35504
35367
35265
35423
35604
35508
35424
35422
35368
35674
35852
35697
35966
35621
35706
35601
35510
35609
35911
35541
35948
35567
35532
35792
35785
35766
35897
36062
36109
36078
35767
35807
35690
35437
35386
35437
35646
35019
35347
35533
35327
35635
35547
35399
35579
35701
35385
35756
35695
35589
35753
35576
35209
35570
35487
35767
35844
35681
35923
35795
35484
35461
35783
35727
35301
35529
35680
35484
35602
35766
35851
35589
36072
36035
35933
35945
35585
35661
35768
35639
35889
35782
35346
35224
35771
35893
35682
35957
35535
35512
35974
35457
35900
35463
35814
35310
34932
35821
35073
35451
35996
35735
35368
35511
35819
35774
35857
35535
35470
35501
35797
35608
35615
35730
36160
35649
35670
35779
35433
35478
35647
35816
35861
35750
35436
35458
35881
35649
35722
35907
35863
35389
35576
35251
35407
35918
35759
35657
35543
35523
35349
35974
35643
36009
35747
35507
35472
35731
35296
35634
35948
35532
35244
35757
35783
35843
35484
35768
35637
35715
35360
35516
35625
35601
35679
35399
35506
35711
35912
35681
35884
35450
35816
35824
35368
35459
35498
35340
35353
35784
35654
35531
35646
35852
35598
35589
35590
35888
35791
35735
35746
35673
35623
35232
35733
35534
35628
35676
35678
35506
35459
35506
35374
35546
35337
35531
35828
35652
35520
35273
35661
35575
35576
35211
35573
35475
35705
35762
35852
35498
35308
35819
35421
35745
35654
35835
35418
35540
35546
35861
35910
35908
35894
35563
35477
36127
35949
35706
35639
35586
35585
35636
35859
35235
35893
35636
35565
36095
35725
35739
35842
35406
35988
35748
35865
35456
35547
35612
35712
35703
35560
35683
35716
35712
35557
35907
35522
35769
35647
35675
35844
35472
35539
35713
35504
35677
35482
35748
35663
35382
35444
35917
35683
35710
35682
35398
35678
35351
35678
35743
35239
35738
35628
35666
35850
35984
35942
35513
35576
35683
35513
35960
35881
35743
35591
35649
35714
35453
35500
35634
35830
35532
35819
35781
35868
36071
35960
35647
35898
35658
35455
35712
35842
35739
35319
35491
35503
35784
35663
35769
35233
35744
35849
35653
35776
35602
35544
35578
35963
35355
36028
35863
35801
35511
35769
35844
35366
35906
35666
35740
35433
35584
35728
35557
35822
35544
35996
35705
35641
35705
35871
35708
35955
36081
35706
35809
35869
35766
35558
35791
35645
35685
35640
36034
35696
35967
35519
35543
35242
36116
35711
35795
35490
35857
35740
35931
35852
35789
35893
35705
35445
35772
35966
35939
35777
35568
35748
35766
35564
35773
35709
35549
35758
35874
36000
35623
35562
35783
35466
35808
35681
35718
35674
35952
35857
35852
35726
35987
35691
35833
36215
35649
35916
35429
35534
35894
35682
35641
35920
35815
35496
35223
35635
35555
35210
35366
35723
35622
35929
35735
35722
35414
35872
35605
35397
35918
35742
35401
35468
35578
35550
35650
35712
36228
35573
35869
35784
35551
35735
35684
35977
35913
35902
35507
35403
35678
35566
35500
35595
35804
36006
35701
35811
35867
35661
35694
35491
35619
35710
35418
35679
35364
35838
35602
35788
35774
36008
35661
35704
35680
35759
35390
35435
35984
35657
36053
36061
35558
35613
35711
35762
35902
35719
35383
35567
35634
35718
35269
35282
35695
35361
35789
35933
35717
36018
35795
35131
35984
35898
35661
35510
35557
35795
35897
35242
35440
35442
35573
35529
35764
35880
35348
35807
35773
35650
36096
35499
35479
35518
35298
35650
35723
35926
35719
35559
35488
35789
35461
35755
35616
35421
35793
35693
35537
35610
35882
35824
35781
35772
35529
35884
35805
35658
35821
35785
35795
35647
35755
35545
35679
35629
35764
36022
35710
35640
35682
35787
35481
35672
35455
35539
35388
35818
35920
35745
35814
35814
35582
35834
35822
35656
35698
35644
35722
35886
35905
35639
35889
35943
35767
35523
35585
35699
35913
35540
35385
35889
35413
35632
35805
35912
35483
35506
35627
35775
35894
35906
35792
35262
36088
35499
35427
35517
35395
35788
35784
35796
36051
35697
35743
35680
35856
35735
35830
35899
35898
35803
35858
35310
35632
35567
35792
35553
35615
35565
35564
35406
36034
35892
35564
35642
35983
35848
35748
35796
35892
35908
35283
35493
35851
35839
35692
35642
35924
35750
35804
35570
35961
35473
35473
35576
35496
35719
35913
35522
35841
35711
35300
35817
35844
35702
35500
35563
35637
35364
35450
35572
35828
35389
35829
35455
35790
35615
35782
35678
35751
35357
35798
35510
35828
35376
35506
35336
35822
35719
35551
35565
35573
35401
35438
35722
35558
35407
35475
35388
35646
35558
35518
35569
35320
35380
35860
35443
35668
35552
35638
35446
35799
35935
35298
35534
36048
36016
35604
35759
35592
35513
35713
35816
35868
35461
35750
35691
35826
35672
35480
35281
35512
35646
35544
35481
35637
35472
35908
35801
35640
35760
35630
35666
